100 30
15 02 15 17
04 25 04 36
09 47 10 01
07 43 07 50
17 51 18 03
07 06 07 21
03 32 03 46
16 58 17 08
05 41 05 59
13 17 13 25
18 46 19 03
20 27 20 44
03 57 03 59
01 35 01 44
02 38 02 43
04 30 04 43
19 18 19 26
05 54 06 12
11 12 11 30
17 16 17 32
01 20 01 23
02 30 02 43
21 47 21 56
00 21 00 30
13 37 13 49
02 47 02 51
20 47 21 02
09 59 10 16
00 07 00 14
05 16 05 22
10 10 10 29
16 09 16 19
14 26 14 30
06 18 06 29
09 32 09 47
02 26 02 39
23 56 00 00
15 44 15 48
22 16 22 35
23 03 23 17
01 29 01 40
20 16 20 25
22 56 23 04
18 44 18 49
11 25 11 38
01 49 02 05
05 31 05 51
00 56 01 06
13 54 14 10
17 19 17 27
04 41 04 47
10 19 10 38
22 33 22 50
00 13 00 23
11 46 12 04
08 42 08 50
22 59 23 10
07 15 07 32
06 57 07 09
21 00 21 03
21 43 21 45
13 50 13 57
14 40 14 47
18 55 19 03
19 53 20 01
01 54 02 10
03 44 03 50
03 05 03 24
07 53 08 12
23 07 23 27
00 27 00 38
06 46 06 54
08 32 08 34
21 23 21 26
11 44 12 00
05 36 05 37
12 56 13 03
08 26 08 36
08 05 08 20
03 56 04 15
11 21 11 32
02 25 02 31
13 47 13 58
15 15 15 17
06 41 06 45
17 20 17 29
20 05 20 25
04 27 04 45
09 52 09 55
17 59 18 17
15 57 16 14
04 57 05 12
16 54 17 10
06 23 06 43
12 29 12 41
02 50 02 53
11 53 12 09
10 40 10 41
08 38 08 54
23 21 23 33
